"y" "x1" "x2" "x3" "x4"
2.58433848496067 8.32990525983409 0.283080140267048 10.9703043026139 1
3.10831184254819 8.22729128709953 0.961279528523727 10.9169942166027 1
6.42648418459358 8.51557095574908 0.447315617025781 9.80254736982265 1
-1.17093708174637 7.70893432125503 0.0553399292078857 10.3573345911741 1
-0.571501982115724 8.03997325145267 0.116001913737459 10.9195071986531 1
4.28883892853387 8.39967686504671 1.53240555045486 10.9220126145382 1
-7.19933011776457 6.50751207917092 -1.57671979445757 9.16688312431155 1
6.37171778097769 8.9122532904485 0.681548334488722 10.767449958807 1
8.23810272161316 9.58739318233411 1.40078159879722 11.271153198755 1
0.652849791412684 8.10118981384023 -0.700845605091027 9.98344591502098 1
1.35430415369808 8.16117287164178 0.204868272733914 10.6840590848229 1
1.09682496253998 7.94152392974529 1.28148059087612 12.0113745812175 1
0.698524988790815 7.78115789792026 -0.649199686069643 8.74887602809513 1
-4.6324503751004 8.22581758675475 -1.07403692065339 10.8590534667789 1
-3.28560897737892 7.74414546654041 -0.491609366835822 10.9551689454217 1
-5.96398720478037 6.24953694160985 -1.62891450588244 8.91863666270998 1
7.78225443611685 8.87879721669374 0.952866532823738 9.42344108241342 1
0.612806846007275 8.59404035846057 -1.09487849004262 8.94365892135603 1
6.40966907171946 8.67832915385259 -0.293879206798034 8.11212725084756 1
-0.954165085005162 8.539638434452 -0.871757221417595 9.60001447741077 1
7.69502275371273 8.84878383517148 1.33961105691454 10.3702593146973 1
-1.68911057909346 7.50702097911878 0.0460307832557544 9.59298090810889 2
-5.35590780938523 7.3567779388797 -0.573296837868463 9.3923093005172 2
-2.18180316398193 7.63771480589493 2.00568645500008 11.3721715860214 2
-1.68483479586147 7.96449461882708 0.171800110935013 9.18464220698734 2
-0.656128813191846 8.60113977546119 0.0689790411151996 10.7609344611481 2
-7.07821986933959 8.25679419055575 -0.957136513403218 10.0258460640034 2
-0.0729133003367013 8.14985297058462 1.5248178811505 11.3436088487901 2
-3.82816784556748 8.39838033862482 0.280670217763575 10.400722397386 2
0.626717374600658 7.92966221832614 -0.239442514838107 8.42400892592448 2
-3.55453626163963 7.28718337177999 -0.792544753934432 8.2657971491299 2
-3.53890024536037 7.43566772879347 0.0756109854210661 9.63148626801163 2
-3.09779369741902 7.65498990609549 1.03492062586121 10.3617598325891 2
-2.80540364477434 7.69765312030006 -0.66899010245589 9.05542891782096 2
-8.40386299294545 7.38462447259436 -0.948811165581346 9.88245208209573 2
-8.97297051968284 8.32464370409148 -0.606525515575519 10.8288049369142 2
5.34379449306749 9.79340208604458 2.60567107107616 11.7018915919048 2
-3.94021771174803 8.48186105381755 0.542801980742305 11.0592224735558 2
4.56540143145676 10.0304798436877 0.347082090832916 9.47150424014315 2
5.12564158317747 9.65895944888969 1.77436940344952 10.6397960694677 2
1.05499648358536 8.56353202543559 1.46841179176898 10.9144185672282 2
-14.1833454707951 7.00023524764764 -1.16779365158178 10.6399258286906 2
1.81720909067406 8.9722449211376 1.57390027454715 11.0813005164695 2
-3.05522203479059 7.92749164812529 0.715265339535711 10.6554380223514 2
-7.30575677568833 7.19760342605117 -1.20245644628963 8.88484799693376 2
-2.94299042289234 8.02861387160442 -0.766129017839599 9.16203285036683 2
4.26341041239763 8.94196909005034 1.36634619400035 10.3117076383108 2
-3.20033422485727 7.98170874520621 0.466862048630079 9.69066426661061 2
6.62097737124271 9.32082396320072 1.46911638692313 9.9797150770756 2
5.9340564956872 8.80251884580239 2.0666394225669 10.2455421659085 2
0.567878538567502 8.9380370754095 1.08048051414239 11.5374076603346 2
-2.00097491512417 7.88796170676275 0.224788242704974 9.51093647484423 3
-7.26418038535778 8.24100066700037 -1.67965564508319 8.17311568954502 3
-3.57635368438071 7.14152455476418 0.40840783211792 9.12578952913595 3
-0.1066936978551 8.34614505186823 1.24075045593966 9.71677048361485 3
-10.7977146051281 7.21584752811257 -0.2811237257029 10.1585321362187 3
-6.50033612442724 8.92844312334853 0.101700076433913 10.7566458730277 3
-10.3105625450611 7.76048305280234 -0.164288109167663 10.5535110238711 3
-1.93682918937988 7.47257723953907 1.51972956241109 9.9325055433174 3
-7.77756031120998 7.23324629779258 0.0639827572510394 10.05928750485 3
-1.33732788552692 8.43765363827935 0.565830693013933 9.59713842809415 3
-10.5457119436559 7.83784096383898 -0.166464703334418 10.3823616905932 3
-7.28336863046971 8.79501768015534 -1.08745855770867 9.6593207506146 3
-11.8567889605968 7.79564821583756 -1.03246699788206 10.0820953455922 3
-4.9489358938914 8.42689897285278 0.149498314130383 11.0078781965458 3
-4.00518643053951 8.16264425061363 0.378991652638901 10.4121307703644 3
2.43097658706767 8.93698987374515 1.09818515826722 9.50288199116434 3
-18.565901907396 6.39926432162957 -2.29085554049452 8.72838757703692 3
-1.49140358390311 8.22127245526134 -0.569610944473242 7.92531331889272 3
0.770183153868514 8.14368038043813 0.019920392029918 8.4496124128789 3
-9.09402153688042 7.66302217761446 -0.713627976249502 9.86467953241027 3
2.83134538741902 8.95284736117623 1.6695444700231 10.8206858025705 3
-13.2583431655044 6.55228787987074 -1.88927654692203 8.34583745581511 3
-3.17576760527087 8.35583201603943 0.738978809336527 10.7439319227708 3
-3.61596376892958 8.12889283021318 -0.176482996283517 8.92127986310149 3
-6.34599620307078 8.58123208627306 1.05082330118781 11.3484862926581 3
-0.216458633323406 9.55327106819136 0.566439679962427 10.3138199385668 3
-2.95825887370258 8.88748942479351 0.283103663781562 10.1710810032879 3
-11.8081583484609 7.12783398409472 -1.61677204655825 8.9639296568844 3
0.708794510935461 8.94364162915107 2.01735622515635 11.6447264448069 3
-9.91446578722692 7.40676765863692 -0.704301252037217 9.54852103863128 3
-13.8937468023328 7.30278283696359 -2.20906963742883 8.37420476552289 3
-7.26459714462893 8.30800018243756 -0.379458182225649 10.7336257277992 3
